1 2 21 96.6101694915 98.3050847458 98.275862069 96.6101694915 0.9 0.0 0.9 0.0 0.666666666667 0.222222222222 1.0 0.0
2 1 25 89.8305084746 98.3050847458 94.9152542373 96.6101694915 0.9 0.0 0.7 0.0 0.6 0.1 0.9 0.0
3 2 22 91.3793103448 94.9152542373 91.5254237288 93.2203389831 0.888888888889 0.0 1.0 0.0 0.9 0.1 1.0 0.0
4 2 21 94.9152542373 98.3050847458 98.3050847458 98.3050847458 0.9 0.0 1.0 0.0 1.0 0.0 0.9 0.0
5 2 21 84.7457627119 91.5254237288 93.2203389831 96.6101694915 0.8 0.2 0.6 0.2 0.9 0.1 1.0 0.0
6 2 21 94.8275862069 91.5254237288 83.0508474576 93.2203389831 0.888888888889 0.0 0.9 0.0 1.0 0.0 1.0 0.0
7 2 23 91.5254237288 86.2068965517 93.2203389831 72.8813559322 0.9 0.0 0.777777777778 0.222222222222 0.7 0.2 0.9 0.1 #N
8 1 20 96.6101694915 96.6101694915 88.1355932203 96.6101694915 1.0 0.0 0.9 0.1 0.8 0.1 0.9 0.1
9 2 24 93.2203389831 98.275862069 91.5254237288 94.9152542373 0.9 0.1 0.888888888889 0.111111111111 0.9 0.1 1.0 0.0
10 2 21 94.9152542373 94.9152542373 96.6101694915 100.0 1.0 0.0 1.0 0.0 1.0 0.0 1.0 0.0
11 2 21 93.1034482759 94.9152542373 93.2203389831 94.9152542373 0.888888888889 0.111111111111 1.0 0.0 0.9 0.1 1.0 0.0
